dat <- c(48,72,120,288,36,288,324,156,144,12,36,36,168,72,204,108,180,408,72,216,312,36,156,24,48,72,12,72,264,60,96,132,108,36,240,156,216,24,180,84,228,156,216,120,108,216,12,96,192,168,96,252,84,48,24,24,60,108,156,84,300,60,96,60,156,48,96,204,24,264,60,240,60,60,96,276,264,72,204,348,84,180,84,60,204,36,180,24,48,24,48,12,156,264,216,216,96,84,228,132,156,72,48,408,144,36,24,96,300,132,372,180,72,84,36,12,180,24,96,144,408,108,96,36,192,96,108,36,48,132,120,24,12,156,300,132,120,108,384,108,168,132,48,48,180,96,36,192,24,264,144,120,60,96,108,36,108,24,48,36,48,276,96,216,276,84,12,60,180,60,144,240,252,72,72,276,156,192,132,288,60,36,276,108,264,36,204,180,324,120,180,72,24,300,48,132,24,240,60,216,48,36,108,48,36,108,120,24,48,180,348,24,204,336,228,60,156,336,336,60,48,36,60,108,300,108,48,12,84,252,60,24,72,144,72,168,168,120,84,96,60,120,288,24,84,36,84,24,96,324,204,312,96,132,96,24,48,108,72,312,108,60,48,216,180,36,12,192,144,36,12,24,72,36,60,36,48,420,96,204,12,108,276,72,12,24,60,36,24,48,48,24,384,60,108,168,24,24,12,300,168,24,108,96,72,396,36,228,24,420,24,36,240,180,48,108,24,72,360,144,156,60,84,408,252,336,228,216,48,204,384,60,84,228,24,72,96,36,132,360,396,36,120,72,168,48,96,36,72,180,96,12,216,84,372,48,252,24,276,96,24,60,240,48,132,240,24,180,168,96,84,120,300,48,48,84,60,264,36,108,84,120,156,372,48,48,216,240,24,348,36,24,300,108,36,60,156,60,72,36,156,36,336,288,324,180,72,216,12,324,408,72,192,216,180,96,108,60,168,228,84,108,156,24,60,84,24,312,240,264,312,24,72,120,24,216,192,12,96,300,12,60,108,132,48,84,72,324,24,24,348,84,72,36,12,156,120,384,132,12,36,96,12,84,48,312,180,36,96,168,96,336,180,84,24,48,252,84,108,168,204,36,252,324,132,108,36,12,264,24,12,312,60,36,84,96,84,108,240,12,120,168,156,156,96,360,84,252,204,108,264,96,12,180,180,36,156,120,60,144,240,180,60,24,72,300,228,204,336,408,132,12,60,48,24,12,72,60,36,144,84,336,156,60,36,24,408,72,120,180,264,120,12,288,204,72,24,12,228,240,156,24,60,180,288,168,48,156,48,336,36,84,48,24,240,108,156,84,240,192,60,324,156,12,132,84,24,108,348,180,120,48,204,156,240,156,96,108,72,96,228,300,420,192,360,360,72,72,336,24,312,60,108,120,180,84,36,60,144,12,252,36,120,24,60,144,48,144,96,312,252,72,60,240,96,60,24,12,168,156,288,60,312,36,216,48,12,252,168,324,168,240,72,72,120,24,36,132,192,264,72,216,12,144,72,132,288,36,72,156,204,108,240,108,108,84,72,24,60,48,204,204,24,108,132,108,72,84,12,300,24,108,228,132,84,120,216,36,360,96,300,288,192,168,156,24,84,108,324,180,180,96,24,216,84,84,12,36,84,204,12,132,288,180,48,252,60,120,84,12,180,120,192,12,180,60,48,240,24,12,60,120,132,48,36,72,96,240,24,168,108,288,120,24,84,36,84,48,348,96,204,36,264,36,36,36,120,180,264,180,96,228,12,408,144,84,12,192,36,420,288,180,180,96,252,36,144,60,96,12,36,12,324,60,108,144,48,108,228,60,252,12,360,192,48,168,60,324,60,12,72,72,72,336,72,120,300,300,48,180,60,120,192,228,264,12,36,72,60,180,168,288,240,204,84,120,24,264,336,108,300,24,48,108,96,84,12,156,180,72,324,192,12,372,36,12,48,180,48,48,12,48,168,12,12,84,108,144,180,24,84,360,228,48,96,12,48,96,192,396,60,324,348,288,108,216,216,168,120,60,12,12,24,12,60,24,132,12,12,36,240,204,48,36,48,12,12,36,24,12,108,216,168,12,12,84,36,180,168,276,60,360,384,12,276,228,180,60,108,84,132,300,48,48,180,192,300,96,252,60,36,300,12,84,96,84,156,192,288,228,24,36,144,264,132,48,276,36,96,12,72,84,24,144,60,48,72,276,396,180,396,120,84,348,36,12,12,132,168,216,24,36,384,84,36,96,120,60,420,108,24,84,144,36,24,204,144,48,36,48,108,168,72,336,24,12,108,120,240,156,324,108,24,396,84,276,264,60,24,48,12,228,36,240,36,204,108,48,60,180,132,96,60,348,156,36,72,108,264,36,48,36,144,108,36,84,120,60,96,312,12,108,84,288,264,36,192,84,120,24,24,300,264,36,108,300,60,36,324,96,36,12,144,84,288,108,180,12,72,72,60,72,144,12,168,228,108,24,288,84,96,180,48,60,168,204,12,120,156,300,168,48,84,24,24,144,60,84,312,72,48,168,12,168,216,408,60,192,60,204,24,216,108,240,192,288,48,96,48,60,252,24,84,84,84,36,48,156,228,84,36,48,216,36,216,108,60,48,216,24,240,24,180,252,360,48,12,48,24,72,24,48,120,60,324,72,336,48,168,24,228,204,84,96,168,24,156,216,48,12,72,60,96,72,300,36,36,132,12,12,204,312,36,144,60,336,228,192,48,12,72,192,300,156,168,240,180,252,96,168,24,192,12,48,84,324,360,12,132,12,120,24,144,228,60,24,24,60,408,108,60,60,72,12,12,264,84,96,84,168,84,108,12,60,348,312,336,216,192,12,24,24,204,288,84,36,72,108,288,24,24,192,60,180,48,72,408,312,12,60,48,72,204,252,168,168,36,216,180,300,12,132,72,192,204,48,48,168,96,72,12,276,216,96,12,108,72,108,84,12,108,36,36,360,348,204,24,108,132,84,12,84,108,156,168,216,24,36,204,84,144,24,240,60,36,168,36,24,12,240,72,264,24,108,192,132,108,288,372,48,24,36,420,24,60,36,24,48,180,144,24,36,24,72,48,120,120,24,36,300,252,288,24,12,132,60,120,72,24,120,60,24,48,72,240,216,420,240,36,132,228,144,96,48,12,420,48,264,168,108,120,48,12,324,180,48,192,264,72,180,48,156,360,72,96,228,108,12,24,36,24,84,12,120,60,120,288,72,336,72,312,168,288,48,84,12,24,108,72,228,12,240,72,72,324,96,120,300,252,48,168,96,36,168,336,48,96,60,36,180,108,48,12,156,228,24,168,12,72,180,60,96,228,60,24,60,36,240,156,24,60,240,228,36,84,96,264,84,168,180,12,12,24,84,276,84,192,180,36,264,24,36,240,144,36,156,348,264,336,96,24,264,36,108,24,72,192,168,24,132,12,156,360,240,240,72,216,84,48,84,108,252,180,360,24,240,96,240,120,336,336,48,192,24,408,24,120,132,24,108,72,12,12,264,228,84,300,96,96,156,36,24,252,48,120,240,60,360,264,192,48,204,264,12,408,252,156,264,228,72,24,120,156,228,96,372,192,24,36,240,96,288,288,228,120,144,216,84,84,120,36,228,108,24,24,24,12,48,264,24,24,12,12,288,240,36,108,60,48,24,84,168,60,168,240,264,204,60,12,276,144,120,204,24,192,264,12,300,84,216,360,60,216,24,12,108,12,24,168,12,84,192,240,72,132,60,108,48,120,288,120,12,24,60,384,180,24,132,108,48,60,96,336,84,240,324,48,120,120,48,264,264,372,420,144,168,36,276,36,24,360,144,12,228,408,252,72,312,60,348,120,120,228,36,144,48,12,192,144,12,156,168,192,24,36,36,12,144,72,48,36,36,36,48,36,300,60,24,72,120,216,60,240,396,36,84,72,348,144,216,288,12,96,168,12,192,132,108,96,12,336,372,144,84,48,24,60,276,60,84,120,132,120,36,228,12,144,84,72,204,36,108,420,108,96,132,120,156,252,72,336,72,36,48,324,24,36,24,132,36,132,48,72,60,288,24,48,36,192,300,108,144,36,132,276,96,12,36,60,48,12,72,120,108,132,96,24,336,192,72,36,48,192,12,132,36,204,396,36,144,108,228,60,120,24,120,120,84,336,180,48,300,84,228,192,84,108,120,348,24,204,264,384,348,144,12,24,108,156,36,36,24,36,252,84,264,228,360,144,168,216,12,228,168,84,48,12,84,216,132,372,108,108,216,24,48,72,48,36,120,96,228,192,60,216,48,132,36,36,48,216,72,288,24,372,192,60,12,168,84,264,24,96,276,168,60,120,252,96,60,120,84,240,36,156,12,60,324,12,24,36,396,96,144,12,48,372,420,24,228,24,84,300,120,12,348,204,24,72,96,156,216,228,24,36,12,48,288,12,48,36,36,156,96,168,48,360,48,108,24,168,36,108,216,60,168,204,48,168,384,120,300,36,48,96,96,204,12,192,228,60,180,48,60,168,84,240,108,120,240,72,36,36,252,408,204,24,48,48,72,264,348,252,84,36,24,120,24,108,96,12,132,216,132,12,72,24,12,240,60,60,228,84,12,12,180,24,24,144,408,84,24,48,216,24,48,24,156,360,36,72,24,204,12,204,24,204,72,132,288,24,180,36,48,204,132,24,36,168,48,60,120,60,396,36,132,84,120,228,12,156,264,84,276,216,12,324,108,108,36,168,120,132,60,36,240,36,120,348,108,228,156,204,12,120,24,168,288,120,120,108,408,132,24,36,360,384,60,216,168,84,72,264,228,48,36,324,240,60,240,12,36,288,12,252,156,36,12,24,204,12,204,72,204,12,72,36,336,120,84,216,36,36,60,96,24,132,24,336,120,36,108,12,36,12,84,180,84,408,72,204,336,84,48,156,192,132,72,108,24,48,36,276,120,60,48,192,120,120,144,336,204,192,36,72,288,408,12,96,12,12,264,324,276,252,24,36,168,156,24,132,312,24,108,300,84,84,72,120,24,156,216,36,108,24,168,96,36,180,60,108,132,192,12,144,36,168,48,396,180,192,36,36,24,60,156,96,36,12,240,96,12,60,60,48,36,48,60,276,192,24,192,84,36,12,12,48,36,60,288,300,96,36,36,36,108,24,216,120,348,264,168,24,36,60,372,288,108,48,300,192,276,156,12,24,