list(N=1.00000E+02, observed=c(1.30000E+01, 0.00000E+00, 0.00000E+00, 1.50000E+01, 1.00000E+00, 0.00000E+00, 7.00000E+00, 6.00000E+00, 8.00000E+00, 5.00000E+00, 9.00000E+00, 5.00000E+00, 3.00000E+00, 6.00000E+00, 0.00000E+00, 5.00000E+00, 2.00000E+00, 5.00000E+00, 2.00000E+00, 2.00000E+00, 1.00000E+00, 0.00000E+00, 1.00000E+01, 1.50000E+01, 1.30000E+01, 3.80000E+01, 1.00000E+00, 0.00000E+00, 8.00000E+00, 1.00000E+00, 4.00000E+00, 1.60000E+01, 1.00000E+01, 1.00000E+01, 2.00000E+00, 1.10000E+01, 0.00000E+00, 0.00000E+00, 4.00000E+00, 4.00000E+00, 2.30000E+01, 1.80000E+01, 6.00000E+00, 2.00000E+00, 5.00000E+00, 7.00000E+00, 7.00000E+00, 0.00000E+00, 4.00000E+00, 2.00000E+00, 6.00000E+00, 1.00000E+00, 5.00000E+00, 1.00000E+01, 8.00000E+00, 5.00000E+00, 0.00000E+00, 2.00000E+00, 2.00000E+00, 4.40000E+01, 0.00000E+00, 3.00000E+00, 5.00000E+00, 8.00000E+00, 1.20000E+01, 9.00000E+00, 2.90000E+01, 4.00000E+00, 1.00000E+00, 3.00000E+00, 4.00000E+00, 1.00000E+00, 4.00000E+00, 1.40000E+01, 1.00000E+00, 7.00000E+00, 4.00000E+00, 3.10000E+01, 1.60000E+01, 3.00000E+00, 1.20000E+01, 4.00000E+00, 8.00000E+00, 5.00000E+00, 1.00000E+00, 5.00000E+00, 3.00000E+00, 3.00000E+00, 0.00000E+00, 4.00000E+00, 4.00000E+00, 1.60000E+01, 4.00000E+00, 5.00000E+00, 1.00000E+00, 1.80000E+01, 4.00000E+00, 1.10000E+01, 1.00000E+00, 0.00000E+00), expected=c(9.44419E+00, 2.69459E+00, 9.84444E-01, 3.17367E+00, 2.20540E+00, 1.57875E+00, 5.44173E+00, 2.67639E+00, 3.60221E+00, 4.40877E+00, 1.51912E+01, 7.22262E+00, 8.28590E+00, 7.29539E+00, 5.78133E-01, 4.87977E+00, 2.09220E+00, 1.16314E+01, 3.32730E+00, 2.07602E+00, 1.51811E+00, 5.74090E-01, 9.83635E+00, 6.77184E+00, 1.18618E+01, 4.11687E+01, 1.02689E+00, 1.05317E+00, 1.11361E+01, 2.43988E+00, 5.01925E+00, 1.61109E+01, 7.39242E+00, 2.39703E+01, 2.82800E+00, 1.82213E+01, 8.49007E-01, 8.38900E-01, 3.37783E+00, 1.75866E+00, 3.27151E+01, 7.29337E+00, 7.63298E+00, 4.26525E+00, 5.20320E+00, 2.93514E+00, 3.02004E+00, 6.83248E-01, 8.36676E+00, 2.31051E+00, 8.08376E+00, 1.16840E+00, 4.55229E+00, 7.25497E+00, 4.47952E+00, 3.93373E+00, 1.61109E+00, 1.54641E+00, 3.13122E+00, 4.36390E+01, 1.35639E+00, 2.54298E+00, 5.35279E+00, 8.12823E+00, 1.11705E+01, 2.87247E+00, 2.25553E+01, 6.39585E+00, 1.09562E+00, 3.31113E+00, 2.48233E+00, 9.78379E-01, 3.14537E+00, 1.02972E+01, 1.07743E+00, 9.00756E+00, 5.57110E+00, 1.59472E+01, 8.99341E+00, 9.31078E+00, 6.04816E+00, 6.11487E+00, 4.55836E+00, 4.76252E+00, 3.25857E+00, 6.44437E+00, 1.36448E+00, 2.37115E+00, 5.01318E-01, 7.91396E+00, 4.40675E+00, 2.92786E+01, 1.95676E+00, 2.00123E+00, 2.67437E+00, 1.34184E+01, 6.35947E+00, 7.48339E+00, 2.56521E+00, 1.55651E+00))
