list(nu=1.00000E+00, alpha=1.00000E+00)
